14535.0 7435.3
14535.1 7415.98157131
14535.2 7396.66314262
14535.300000000001 7377.34471393
14535.400000000001 7358.02628524
14535.500000000002 7338.70785655
14535.600000000002 7319.38942786
14535.700000000003 7300.07099917
14535.800000000003 7280.75257048
14535.900000000003 7261.4341418
14536.000000000004 7242.11571311
14536.100000000004 7222.79728442
14536.200000000004 7203.47885573
14536.300000000005 7184.16042704
14536.400000000005 7164.84199835
14536.500000000005 7145.52356966
14536.600000000006 7126.20514097
14536.700000000006 7106.88671228
14536.800000000007 7087.56828359
14536.900000000007 7068.2498549
14537.000000000007 7048.93142621
14537.100000000008 7029.61299752
14537.200000000008 7010.29456883
14537.300000000008 6990.97614014
14537.400000000009 6971.65771145
14537.50000000001 6952.33928277
14537.60000000001 6933.02085408
14537.70000000001 6913.70242539
14537.80000000001 6894.3839967
14537.90000000001 6875.06556801
14538.000000000011 6855.74713932
14538.100000000011 6836.42871063
14538.200000000012 6817.11028194
14538.300000000012 6797.79185325
14538.400000000012 6778.47342456
14538.500000000013 6759.15499587
14538.600000000013 6739.83656718
14538.700000000013 6720.51813849
14538.800000000014 6701.1997098
14538.900000000014 6681.88128111
14539.000000000015 6662.56285242
14539.100000000015 6643.24442373
14539.200000000015 6623.92599505
14539.300000000016 6604.60756636
14539.400000000016 6585.28913767
14539.500000000016 6565.97070898
14539.600000000017 6546.65228029
14539.700000000017 6527.3338516
14539.800000000017 6508.01542291
14539.900000000018 6488.69699422
14540.000000000018 6469.37856553
14540.100000000019 6450.06013684
14540.200000000019 6430.74170815
14540.30000000002 6411.42327946
14540.40000000002 6392.10485077
14540.50000000002 6372.78642208
14540.60000000002 6353.46799339
14540.70000000002 6334.1495647
14540.800000000021 6314.83113601
14540.900000000021 6295.51270733
14541.000000000022 6276.19427864
14541.100000000022 6256.87584995
14541.200000000023 6237.55742126
14541.300000000023 6218.23899257
14541.400000000023 6198.92056388
14541.500000000024 6179.60213519
14541.600000000024 6160.2837065
14541.700000000024 6140.96527781
14541.800000000025 6121.64684912
14541.900000000025 6102.32842043
14542.000000000025 6083.00999174
14542.100000000026 6063.69156305
14542.200000000026 6044.37313436
14542.300000000027 6025.05470567
14542.400000000027 6005.73627698
14542.500000000027 5986.4178483
14542.600000000028 5967.09941961
14542.700000000028 5947.78099092
14542.800000000028 5928.46256223
14542.900000000029 5909.14413354
14543.00000000003 5889.82570485
14543.10000000003 5870.50727616
14543.20000000003 5851.18884747
14543.30000000003 5831.87041878
14543.40000000003 5812.55199009
14543.500000000031 5793.2335614
14543.600000000031 5773.91513271
14543.700000000032 5754.59670402
14543.800000000032 5735.27827533
14543.900000000032 5715.95984664
14544.000000000033 5696.64141795
14544.100000000033 5677.32298926
14544.200000000033 5658.00456058
14544.300000000034 5638.68613189
14544.400000000034 5619.3677032
14544.500000000035 5600.04927451
14544.600000000035 5580.73084582
14544.700000000035 5561.41241713
14544.800000000036 5542.09398844
14544.900000000036 5522.77555975
14545.000000000036 5503.45713106
14545.100000000037 5484.13870237
14545.200000000037 5464.82027368
14545.300000000037 5445.50184499
14545.400000000038 5426.1834163
14545.500000000038 5406.86498761
14545.600000000039 5387.54655892
14545.700000000039 5368.22813023
14545.80000000004 5348.90970154
14545.90000000004 5329.59127286
14546.00000000004 5310.27284417
14546.10000000004 5290.95441548
14546.20000000004 5271.63598679
14546.300000000041 5252.3175581
14546.400000000041 5232.99912941
14546.500000000042 5213.68070072
14546.600000000042 5194.36227203
14546.700000000043 5175.04384334
14546.800000000043 5155.72541465
14546.900000000043 5136.40698596
14547.000000000044 5117.08855727
14547.100000000044 5097.77012858
14547.200000000044 5078.45169989
14547.300000000045 5059.1332712
14547.400000000045 5039.81484251
14547.500000000045 5020.49641383
14547.600000000046 5001.17798514
14547.700000000046 4981.85955645
14547.800000000047 4962.54112776
14547.900000000047 4943.22269907
14548.000000000047 4923.90427038
14548.100000000048 4904.58584169
14548.200000000048 4885.267413
14548.300000000048 4865.94898431
14548.400000000049 4846.63055562
14548.50000000005 4827.31212693
14548.60000000005 4807.99369824
14548.70000000005 4788.67526955
14548.80000000005 4769.35684086
14548.90000000005 4750.03841217
14549.000000000051 4730.71998348
14549.100000000051 4711.40155479
14549.200000000052 4692.08312611
14549.300000000052 4672.76469742
14549.400000000052 4653.44626873
14549.500000000053 4634.12784004
14549.600000000053 4614.80941135
14549.700000000053 4595.49098266
14549.800000000054 4576.17255397
14549.900000000054 4556.85412528
14550.000000000055 4537.53569659
14550.100000000055 4518.2172679
14550.200000000055 4498.89883921
14550.300000000056 4479.58041052
14550.400000000056 4460.26198183
14550.500000000056 4440.94355314
14550.600000000057 4421.62512445
14550.700000000057 4402.30669576
14550.800000000057 4382.98826707
14550.900000000058 4363.66983839
14551.000000000058 4344.3514097
14551.100000000059 4325.03298101
14551.200000000059 4305.71455232
14551.30000000006 4286.39612363
14551.40000000006 4267.07769494
14551.50000000006 4247.75926625
14551.60000000006 4228.44083756
14551.70000000006 4209.12240887
14551.800000000061 4189.80398018
14551.900000000061 4170.48555149
14552.000000000062 4151.1671228
14552.100000000062 4131.84869411
14552.200000000063 4112.53026542
14552.300000000063 4093.21183673
14552.400000000063 4073.89340804
14552.500000000064 4054.57497936
14552.600000000064 4035.25655067
14552.700000000064 4015.93812198
14552.800000000065 3996.61969329
14552.900000000065 3977.3012646
14553.000000000065 3957.98283591
14553.100000000066 3938.66440722
14553.200000000066 3919.34597853
14553.300000000067 3900.02754984
14553.400000000067 3880.70912115
14553.500000000067 3861.39069246
14553.600000000068 3842.07226377
14553.700000000068 3822.75383508
14553.800000000068 3803.44264509
14553.900000000069 3784.15765449
14554.00000000007 3764.92600279
14554.10000000007 3745.78015206
14554.20000000007 3726.75560747
14554.30000000007 3707.88912062
14554.40000000007 3689.21729522
14554.500000000071 3670.77552624
14554.600000000071 3652.5972144
14554.700000000072 3634.71320612
14554.800000000072 3617.15141705
14554.900000000072 3599.9366037
14555.000000000073 3583.09025335
14555.100000000073 3566.63056703
14555.200000000073 3550.572515
14555.300000000074 3534.92794703
14555.400000000074 3519.70574338
14555.500000000075 3504.91199444
14555.600000000075 3490.55019968
14555.700000000075 3476.62147782
14555.800000000076 3463.12478225
14555.900000000076 3450.0571165
14556.000000000076 3437.41374617
14556.100000000077 3425.18840418
14556.200000000077 3413.37348718
14556.300000000077 3401.96024169
14556.400000000078 3390.93893875
14556.500000000078 3380.29903652
14556.600000000079 3370.02933052
14556.700000000079 3360.11809141
14556.80000000008 3350.55319057
14556.90000000008 3341.3222137
14557.00000000008 3332.41256299
14557.10000000008 3323.81154828
14557.20000000008 3315.50646793
14557.300000000081 3307.48467993
14557.400000000081 3299.73366399
14557.500000000082 3292.24107521
14557.600000000082 3284.99479
14557.700000000083 3277.98294498
14557.800000000083 3271.19396929
14557.900000000083 3264.61661118
14558.000000000084 3258.2399592
14558.100000000084 3252.05345866
14558.200000000084 3246.04692386
14558.300000000085 3240.21054654
14558.400000000085 3234.53490096
14558.500000000085 3229.01094607
14558.600000000086 3223.63002515
14558.700000000086 3218.38386317
14558.800000000087 3213.26456229
14558.900000000087 3208.26459574
14559.000000000087 3203.37680028
14559.100000000088 3198.59436762
14559.200000000088 3193.91083484
14559.300000000088 3189.32007405
14559.400000000089 3184.8162816
14559.50000000009 3180.39396671
14559.60000000009 3176.04793987
14559.70000000009 3171.7733011
14559.80000000009 3167.56542801
14559.90000000009 3163.41996397
14560.000000000091 3159.33280629
14560.100000000091 3155.30009451
14560.200000000092 3151.31819897
14560.300000000092 3147.38370954
14560.400000000092 3143.49342462
14560.500000000093 3139.64434047
14560.600000000093 3135.83364085
14560.700000000093 3132.05868701
14560.800000000094 3128.31700799
14560.900000000094 3124.60629139
14561.000000000095 3120.92437435
14561.100000000095 3117.26923507
14561.200000000095 3113.63898459
14561.300000000096 3110.03185897
14561.400000000096 3106.44621185
14561.500000000096 3102.88050735
14561.600000000097 3099.33331333
14561.700000000097 3095.803295
14561.800000000097 3092.28920883
14561.900000000098 3088.78989682
14562.000000000098 3085.30428108
14562.100000000099 3081.83135864
14562.200000000099 3078.37019668
14562.3000000001 3074.91992789
14562.4000000001 3071.4797462
14562.5000000001 3068.04890273
14562.6000000001 3064.62670196
14562.7000000001 3061.21249813
14562.800000000101 3057.80569195
14562.900000000101 3054.40572734
14563.000000000102 3051.01208856
14563.100000000102 3047.62429738
14563.200000000103 3044.2419105
14563.300000000103 3040.86451712
14563.400000000103 3037.49173668
14563.500000000104 3034.12321669
14563.600000000104 3030.7586308
14563.700000000104 3027.39767691
14563.800000000105 3024.04007543
14563.900000000105 3020.68556771
14564.000000000106 3017.33391451
14564.100000000106 3013.98489456
14564.200000000106 3010.63830333
14564.300000000107 3007.29395175
14564.400000000107 3003.9516651
14564.500000000107 3000.61128198
14564.600000000108 2997.27265327
14564.700000000108 2993.93564129
14564.800000000108 2990.60011889
14564.900000000109 2987.26596874
14565.00000000011 2983.9330825
14565.10000000011 2980.60136023
14565.20000000011 2977.27070972
14565.30000000011 2973.94104593
14565.40000000011 2970.61229041
14565.500000000111 2967.28437084
14565.600000000111 2963.95722054
14565.700000000112 2960.63077805
14565.800000000112 2957.30498674
14565.900000000112 2953.97979441
14566.000000000113 2950.65515299
14566.100000000113 2947.33101819
14566.200000000114 2944.00734922
14566.300000000114 2940.68410852
14566.400000000114 2937.36126152
14566.500000000115 2934.03877638
14566.600000000115 2930.71662379
14566.700000000115 2927.39477681
14566.800000000116 2924.07321061
14566.900000000116 2920.75190237
14567.000000000116 2917.43083108
14567.100000000117 2914.10997745
14567.200000000117 2910.7893237
14567.300000000118 2907.46885351
14567.400000000118 2904.14855185
14567.500000000118 2900.82840493
14567.600000000119 2897.50840005
14567.700000000119 2894.18852556
14567.80000000012 2890.86877073
14567.90000000012 2887.54912573
14568.00000000012 2884.22958149
14568.10000000012 2880.91012973
14568.20000000012 2877.59076279
14568.300000000121 2874.27147368
14568.400000000122 2870.95225595
14568.500000000122 2867.63310369
14568.600000000122 2864.31401147
14568.700000000123 2860.99497432
14568.800000000123 2857.67598766
14568.900000000123 2854.35704728
14569.000000000124 2851.03814935
14569.100000000124 2847.71929032
14569.200000000124 2844.40046695
14569.300000000125 2841.08167627
14569.400000000125 2837.76291554
14569.500000000126 2834.44418227
14569.600000000126 2831.12547414
14569.700000000126 2827.80678906
14569.800000000127 2824.4881251
14569.900000000127 2821.16948049
14570.000000000127 2817.85085359
14570.100000000128 2814.53224292
14570.200000000128 2811.21364712
14570.300000000128 2807.89506494
14570.400000000129 2804.57649522
14570.50000000013 2801.25793692
14570.60000000013 2797.93938908
14570.70000000013 2794.6208508
14570.80000000013 2791.30232129
14570.90000000013 2787.9837998
14571.000000000131 2784.66528566
14571.100000000131 2781.34677823
14571.200000000132 2778.02827696
14571.300000000132 2774.70978132
14571.400000000132 2771.39129083
14571.500000000133 2768.07280505
14571.600000000133 2764.75432359
14571.700000000134 2761.43584608
14571.800000000134 2758.11737218
14571.900000000134 2754.79890159
14572.000000000135 2751.48043401
14572.100000000135 2748.1619692
14572.200000000135 2744.84350692
14572.300000000136 2741.52504696
14572.400000000136 2738.20658911
14572.500000000136 2734.88813319
14572.600000000137 2731.56967905
14572.700000000137 2728.25122652
14572.800000000138 2724.93277547
14572.900000000138 2721.61432578
14573.000000000138 2718.29587732
14573.100000000139 2714.97742999
14573.200000000139 2711.6589837
14573.30000000014 2708.34053835
14573.40000000014 2705.02209386
14573.50000000014 2701.70365017
14573.60000000014 2698.38520719
14573.70000000014 2695.06676488
14573.800000000141 2691.74832317
14573.900000000142 2688.42988201
14574.000000000142 2685.11144135
14574.100000000142 2681.79300115
14574.200000000143 2678.47456138
14574.300000000143 2675.15612198
14574.400000000143 2671.83768294
14574.500000000144 2668.51924422
14574.600000000144 2665.20080579
14574.700000000144 2661.88236763
14574.800000000145 2658.56392971
14574.900000000145 2655.24549202
14575.000000000146 2651.92705453
14575.100000000146 2648.60861723
14575.200000000146 2645.29018009
14575.300000000147 2641.97174311
14575.400000000147 2638.65330628
14575.500000000147 2635.33486957
14575.600000000148 2632.01643298
14575.700000000148 2628.6979965
14575.800000000148 2625.37956012
14575.900000000149 2622.06112383
14576.00000000015 2618.74268762
14576.10000000015 2615.42425149
14576.20000000015 2612.10581542
14576.30000000015 2608.78737942
14576.40000000015 2605.46894347
14576.500000000151 2602.15050758
14576.600000000151 2598.83207173
14576.700000000152 2595.51363593
14576.800000000152 2592.19520016
14576.900000000152 2588.87676444
14577.000000000153 2585.55832874
14577.100000000153 2582.23989308
14577.200000000154 2578.92145744
14577.300000000154 2575.60302183
14577.400000000154 2572.28458624
14577.500000000155 2568.96615067
14577.600000000155 2565.64771512
14577.700000000155 2562.32927959
14577.800000000156 2559.01084408
14577.900000000156 2555.69240858
14578.000000000156 2552.37397309
14578.100000000157 2549.05553761
14578.200000000157 2545.73710215
14578.300000000158 2542.41866669
14578.400000000158 2539.10023125
14578.500000000158 2535.78179581
14578.600000000159 2532.46336038
14578.700000000159 2529.14492496
14578.80000000016 2525.82648954
14578.90000000016 2522.50805413
14579.00000000016 2519.18961873
14579.10000000016 2515.87118333
14579.20000000016 2512.55274793
14579.300000000161 2509.23431254
14579.400000000162 2505.91587715
14579.500000000162 2502.59744176
14579.600000000162 2499.27900638
14579.700000000163 2495.960571
14579.800000000163 2492.64213563
14579.900000000163 2489.32370025
14580.000000000164 2486.00526488
14580.100000000164 2482.68682951
14580.200000000164 2479.36839414
14580.300000000165 2476.04995877
14580.400000000165 2472.73152341
14580.500000000166 2469.41308804
14580.600000000166 2466.09465268
14580.700000000166 2462.77621732
14580.800000000167 2459.45778196
14580.900000000167 2456.1393466
14581.000000000167 2452.82091124
14581.100000000168 2449.50247588
14581.200000000168 2446.18404052
14581.300000000168 2442.86560516
14581.400000000169 2439.54716981
14581.50000000017 2436.22873445
14581.60000000017 2432.91029909
14581.70000000017 2429.59186374
14581.80000000017 2426.27342838
14581.90000000017 2422.95499303
14582.000000000171 2419.63655767
14582.100000000171 2416.31812232
14582.200000000172 2412.99968697
14582.300000000172 2409.68125161
14582.400000000172 2406.36281626
14582.500000000173 2403.04438091
14582.600000000173 2399.72594555
14582.700000000174 2396.4075102
14582.800000000174 2393.08907485
14582.900000000174 2389.7706395
14583.000000000175 2386.45220415
14583.100000000175 2383.13376879
14583.200000000175 2379.81533344
14583.300000000176 2376.49689809
14583.400000000176 2373.17846274
14583.500000000176 2369.86002739
14583.600000000177 2366.54159203
14583.700000000177 2363.22315668
14583.800000000178 2359.90472133
14583.900000000178 2356.58628598
14584.000000000178 2353.26785063
14584.100000000179 2349.94941528
14584.200000000179 2346.63097993
14584.30000000018 2343.31254458
14584.40000000018 2339.99410922
14584.50000000018 2336.67567387
14584.60000000018 2333.35723852
14584.70000000018 2330.03880317
14584.800000000181 2326.72036782
14584.900000000182 2323.40193247
14585.000000000182 2320.08349712
14585.100000000182 2316.76506177
14585.200000000183 2313.44662642
14585.300000000183 2310.12819106
14585.400000000183 2306.80975571
14585.500000000184 2303.49132036
14585.600000000184 2300.17288501
14585.700000000184 2296.85444966
14585.800000000185 2293.53601431
14585.900000000185 2290.21757896
14586.000000000186 2286.89914361
14586.100000000186 2283.58070826
14586.200000000186 2280.26227291
14586.300000000187 2276.94383756
14586.400000000187 2273.6254022
14586.500000000187 2270.30696685
14586.600000000188 2266.9885315
14586.700000000188 2263.67009615
14586.800000000188 2260.3516608
14586.900000000189 2257.03322545
14587.00000000019 2253.7147901
14587.10000000019 2250.39635475
14587.20000000019 2247.0779194
14587.30000000019 2243.75948405
14587.40000000019 2240.4410487
14587.500000000191 2237.12261334
14587.600000000191 2233.80417799
14587.700000000192 2230.48574264
14587.800000000192 2227.16730729
14587.900000000192 2223.84887194
14588.000000000193 2220.53043659
14588.100000000193 2217.21200124
14588.200000000194 2213.89356589
14588.300000000194 2210.57513054
14588.400000000194 2207.25669519
14588.500000000195 2203.93825984
14588.600000000195 2200.61982449
14588.700000000195 2197.30138913
14588.800000000196 2193.98295378
14588.900000000196 2190.66451843
14589.000000000196 2187.34608308
14589.100000000197 2184.02764773
14589.200000000197 2180.70921238
14589.300000000198 2177.39077703
14589.400000000198 2174.07234168
14589.500000000198 2170.75390633
14589.600000000199 2167.43547098
14589.700000000199 2164.11703563
14589.8000000002 2160.79860028
14589.9000000002 2157.48016492
14590.0000000002 2154.16172957
14590.1000000002 2150.84329422
14590.2000000002 2147.52485887
14590.300000000201 2144.20642352
14590.400000000202 2140.88798817
14590.500000000202 2137.56955282
14590.600000000202 2134.25111747
14590.700000000203 2130.93268212
14590.800000000203 2127.61424677
14590.900000000203 2124.29581142
14591.000000000204 2120.97737607
14591.100000000204 2117.65894071
14591.200000000204 2114.34050536
14591.300000000205 2111.02207001
14591.400000000205 2107.70363466
14591.500000000206 2104.38519931
14591.600000000206 2101.06676396
14591.700000000206 2097.74832861
14591.800000000207 2094.42989326
14591.900000000207 2091.11145791
14592.000000000207 2087.79302256
14592.100000000208 2084.47458721
14592.200000000208 2081.15615186
14592.300000000208 2077.8377165
14592.400000000209 2074.51928115
14592.50000000021 2071.2008458
14592.60000000021 2067.88241045
14592.70000000021 2064.5639751
14592.80000000021 2061.24553975
14592.90000000021 2057.9271044
14593.000000000211 2054.60866905
14593.100000000211 2051.2902337
14593.200000000212 2047.97179835
14593.300000000212 2044.653363
14593.400000000212 2041.33492765
14593.500000000213 2038.01649229
14593.600000000213 2034.69805694
14593.700000000214 2031.37962159
14593.800000000214 2028.06118624
14593.900000000214 2024.74275089
14594.000000000215 2021.42431554
14594.100000000215 2018.10588019
14594.200000000215 2014.78744484
14594.300000000216 2011.46900949
14594.400000000216 2008.15057414
14594.500000000216 2004.83213879
14594.600000000217 2001.51370344
14594.700000000217 1998.19526808
14594.800000000218 1994.87683273
14594.900000000218 1991.55839738
14595.000000000218 1988.23996203
14595.100000000219 1984.92152668
14595.200000000219 1981.60309133
14595.30000000022 1978.28465598
14595.40000000022 1974.96622063
14595.50000000022 1971.64778528
14595.60000000022 1968.32934993
14595.70000000022 1965.01091458
14595.800000000221 1961.69247922
14595.900000000222 1958.37404387
14596.000000000222 1955.05560852
14596.100000000222 1951.73717317
14596.200000000223 1948.41873782
14596.300000000223 1945.10030247
14596.400000000223 1941.78186712
14596.500000000224 1938.46343177
14596.600000000224 1935.14499642
14596.700000000224 1931.82656107
14596.800000000225 1928.50812572
14596.900000000225 1925.18969037
14597.000000000226 1921.87125501
14597.100000000226 1918.55281966
14597.200000000226 1915.23438431
14597.300000000227 1911.91594896
14597.400000000227 1908.59751361
14597.500000000227 1905.27907826
14597.600000000228 1901.96064291
14597.700000000228 1898.64220756
14597.800000000228 1895.32377221
14597.900000000229 1892.00533686
14598.00000000023 1888.68690151
14598.10000000023 1885.36846616
14598.20000000023 1882.0500308
14598.30000000023 1878.73159545
14598.40000000023 1875.4131601
14598.500000000231 1872.09472475
14598.600000000231 1868.7762894
14598.700000000232 1865.45785405
14598.800000000232 1862.1394187
14598.900000000232 1858.82098335
14599.000000000233 1855.502548
14599.100000000233 1852.18411265
14599.200000000234 1848.8656773
14599.300000000234 1845.54724195
14599.400000000234 1842.22880659
14599.500000000235 1838.91037124
14599.600000000235 1835.59193589
14599.700000000235 1832.27350054
14599.800000000236 1828.95506519
14599.900000000236 1825.63662984
14600.000000000236 1822.31819449
14600.100000000237 1818.99975914
14600.200000000237 1815.68132379
14600.300000000238 1812.36288844
14600.400000000238 1809.04445309
14600.500000000238 1805.72601774
14600.600000000239 1802.40758238
14600.700000000239 1799.08914703
14600.80000000024 1795.77071168
14600.90000000024 1792.45227633
14601.00000000024 1789.13384098
14601.10000000024 1785.81540563
14601.20000000024 1782.49697028
14601.300000000241 1779.17853493
14601.400000000242 1775.86009958
14601.500000000242 1772.54166423
14601.600000000242 1769.22322888
14601.700000000243 1765.90479353
14601.800000000243 1762.58635817
14601.900000000243 1759.26792282
14602.000000000244 1755.94948747
14602.100000000244 1752.63105212
14602.200000000244 1749.31261677
14602.300000000245 1745.99418142
14602.400000000245 1742.67574607
14602.500000000246 1739.35731072
14602.600000000246 1736.03887537
14602.700000000246 1732.72044002
14602.800000000247 1729.40200467
14602.900000000247 1726.08356932
14603.000000000247 1722.76513396
14603.100000000248 1719.44669861
14603.200000000248 1716.12826326
14603.300000000248 1712.80982791
14603.400000000249 1709.49139256
14603.50000000025 1706.17295721
14603.60000000025 1702.85452186
14603.70000000025 1699.53608651
14603.80000000025 1696.21765116
14603.90000000025 1692.89921581
14604.000000000251 1689.58078046
14604.100000000251 1686.26234511
14604.200000000252 1682.94390975
14604.300000000252 1679.6254744
14604.400000000252 1676.30703905
14604.500000000253 1672.9886037
14604.600000000253 1669.67016835
14604.700000000254 1666.351733
14604.800000000254 1663.03329765
14604.900000000254 1659.7148623
14605.000000000255 1656.39642695
14605.100000000255 1653.0779916
14605.200000000255 1649.75955625
14605.300000000256 1646.4411209
14605.400000000256 1643.12268554
14605.500000000256 1639.80425019
14605.600000000257 1636.48581484
14605.700000000257 1633.16737949
14605.800000000258 1629.84894414
14605.900000000258 1626.53050879
14606.000000000258 1623.21207344
14606.100000000259 1619.89363809
14606.200000000259 1616.57520274
14606.30000000026 1613.25676739
14606.40000000026 1609.93833204
14606.50000000026 1606.61989669
14606.60000000026 1603.30146133
14606.70000000026 1599.98302598
14606.800000000261 1596.66459063
14606.900000000262 1593.34615528
14607.000000000262 1590.02771993
14607.100000000262 1586.70928458
14607.200000000263 1583.39084923
14607.300000000263 1580.07241388
14607.400000000263 1576.75397853
14607.500000000264 1573.43554318
14607.600000000264 1570.11710783
14607.700000000264 1566.79867248
14607.800000000265 1563.48023712
14607.900000000265 1560.16180177
14608.000000000266 1556.84336642
14608.100000000266 1553.52493107
14608.200000000266 1550.20649572
14608.300000000267 1546.88806037
14608.400000000267 1543.56962502
14608.500000000267 1540.25118967
14608.600000000268 1536.93275432
14608.700000000268 1533.61431897
14608.800000000268 1530.29588362
14608.900000000269 1526.97744827
14609.00000000027 1523.65901291
14609.10000000027 1520.34057756
14609.20000000027 1517.02214221
14609.30000000027 1513.70370686
14609.40000000027 1510.38527151
14609.500000000271 1507.06683616
14609.600000000271 1503.74840081
14609.700000000272 1500.42996546
14609.800000000272 1497.11153011
14609.900000000272 1493.79309476
14610.000000000273 1490.47465941
14610.100000000273 1487.15622406
14610.200000000274 1483.8377887
14610.300000000274 1480.51935335
14610.400000000274 1477.200918
14610.500000000275 1473.88248265
14610.600000000275 1470.5640473
14610.700000000275 1467.24561195
14610.800000000276 1463.9271766
14610.900000000276 1460.60874125
14611.000000000276 1457.2903059
14611.100000000277 1453.97187055
14611.200000000277 1450.6534352
14611.300000000278 1447.33499985
14611.400000000278 1444.01656449
14611.500000000278 1440.69812914
14611.600000000279 1437.37969379
14611.700000000279 1434.06125844
14611.80000000028 1430.74282309
14611.90000000028 1427.42438774
14612.00000000028 1424.10595239
14612.10000000028 1420.78751704
14612.20000000028 1417.46908169
14612.300000000281 1414.15064634
14612.400000000282 1410.83221099
14612.500000000282 1407.51377564
14612.600000000282 1404.19534028
14612.700000000283 1400.87690493
14612.800000000283 1397.55846958
14612.900000000283 1394.24003423
14613.000000000284 1390.92159888
14613.100000000284 1387.60316353
14613.200000000284 1384.28472818
14613.300000000285 1380.96629283
14613.400000000285 1377.64785748
14613.500000000286 1374.32942213
14613.600000000286 1371.01098678
14613.700000000286 1367.69255143
14613.800000000287 1364.37411607
14613.900000000287 1361.05568072
14614.000000000287 1357.73724537
14614.100000000288 1354.41881002
14614.200000000288 1351.10037467
14614.300000000288 1347.78193932
14614.400000000289 1344.46350397
14614.50000000029 1341.14506862
14614.60000000029 1337.82663327
14614.70000000029 1334.50819792
14614.80000000029 1331.18976257
14614.90000000029 1327.87132722
14615.000000000291 1324.55289186
14615.100000000291 1321.23445651
14615.200000000292 1317.91602116
14615.300000000292 1314.59758581
14615.400000000292 1311.27915046
14615.500000000293 1307.96071511
14615.600000000293 1304.64227976
14615.700000000294 1301.32384441
14615.800000000294 1298.00540906
14615.900000000294 1294.68697371
14616.000000000295 1291.36853836
14616.100000000295 1288.05010301
14616.200000000295 1284.73166765
14616.300000000296 1281.4132323
14616.400000000296 1278.09479695
14616.500000000296 1274.7763616
14616.600000000297 1271.45792625
14616.700000000297 1268.1394909
14616.800000000298 1264.82105555
14616.900000000298 1261.5026202
14617.000000000298 1258.18418485
14617.100000000299 1254.8657495
14617.200000000299 1251.54731415
14617.3000000003 1248.2288788
14617.4000000003 1244.91044344
14617.5000000003 1241.59200809
14617.6000000003 1238.27357274
14617.7000000003 1234.95513739
14617.800000000301 1231.63670204
14617.900000000302 1228.31826669
14618.000000000302 1224.99983134
14618.100000000302 1221.68139599
14618.200000000303 1218.36296064
14618.300000000303 1215.04452529
14618.400000000303 1211.72608994
14618.500000000304 1208.40765459
14618.600000000304 1205.08921923
14618.700000000304 1201.77078388
14618.800000000305 1198.45234853
14618.900000000305 1195.13391318
14619.000000000306 1191.81547783
14619.100000000306 1188.49704248
14619.200000000306 1185.17860713
14619.300000000307 1181.86017178
14619.400000000307 1178.54173643
14619.500000000307 1175.22330108
14619.600000000308 1171.90486573
14619.700000000308 1168.58643038
14619.800000000309 1165.26799502
14619.900000000309 1161.94955967
14620.00000000031 1158.63112432
14620.10000000031 1155.31268897
14620.20000000031 1151.99425362
14620.30000000031 1148.67581827
14620.40000000031 1145.35738292
14620.500000000311 1142.03894757
14620.600000000311 1138.72051222
14620.700000000312 1135.40207687
14620.800000000312 1132.08364152
14620.900000000313 1128.76520617
14621.000000000313 1125.44677081
14621.100000000313 1122.12833546
14621.200000000314 1118.80990011
14621.300000000314 1115.49146476
14621.400000000314 1112.17302941
14621.500000000315 1108.85459406
14621.600000000315 1105.53615871
14621.700000000315 1102.21772336
14621.800000000316 1098.89928801
14621.900000000316 1095.58085266
14622.000000000317 1092.26241731
14622.100000000317 1088.94398196
14622.200000000317 1085.6255466
14622.300000000318 1082.30711125
14622.400000000318 1078.9886759
14622.500000000318 1075.67024055
14622.600000000319 1072.3518052
14622.700000000319 1069.03336985
14622.80000000032 1065.7149345
14622.90000000032 1062.39649915
14623.00000000032 1059.0780638
14623.10000000032 1055.75962845
14623.20000000032 1052.4411931
14623.300000000321 1049.12275774
14623.400000000322 1045.80432239
14623.500000000322 1042.48588704
14623.600000000322 1039.16745169
14623.700000000323 1035.84901634
14623.800000000323 1032.53058099
14623.900000000323 1029.21214564
14624.000000000324 1025.89371029
14624.100000000324 1022.57527494
14624.200000000325 1019.25683959
14624.300000000325 1015.93840424
14624.400000000325 1012.61996889
14624.500000000326 1009.30153353
14624.600000000326 1005.98309818
14624.700000000326 1002.66466283
14624.800000000327 999.346227482
14624.900000000327 996.027792132
14625.000000000327 992.709356781
14625.100000000328 989.39092143
14625.200000000328 986.072486079
14625.300000000329 982.754050728
14625.400000000329 979.435615377
14625.50000000033 976.117180027
14625.60000000033 972.798744676
14625.70000000033 969.480309325
14625.80000000033 966.161873974
14625.90000000033 962.843438623
14626.000000000331 959.525003272
14626.100000000331 956.206567922
14626.200000000332 952.888132571
14626.300000000332 949.56969722
14626.400000000333 946.251261869
14626.500000000333 942.932826518
14626.600000000333 939.614391167
14626.700000000334 936.295955817
14626.800000000334 932.977520466
14626.900000000334 929.659085115
14627.000000000335 926.340649764
14627.100000000335 923.022214413
14627.200000000335 919.703779062
14627.300000000336 916.385343712
14627.400000000336 913.066908361
14627.500000000337 909.74847301
14627.600000000337 906.430037659
14627.700000000337 903.111602308
14627.800000000338 899.793166957
14627.900000000338 896.474731607
14628.000000000338 893.156296256
14628.100000000339 889.837860905
14628.200000000339 886.519425554
14628.30000000034 883.200990203
14628.40000000034 879.882554852
14628.50000000034 876.564119501
14628.60000000034 873.245684151
14628.70000000034 869.9272488
14628.800000000341 866.608813449
14628.900000000342 863.290378098
14629.000000000342 859.971942747
14629.100000000342 856.653507396
14629.200000000343 853.335072046
14629.300000000343 850.016636695
14629.400000000343 846.698201344
14629.500000000344 843.379765993
14629.600000000344 840.061330642
14629.700000000345 836.742895291
14629.800000000345 833.424459941
14629.900000000345 830.10602459
14630.000000000346 826.787589239
14630.100000000346 823.469153888
14630.200000000346 820.150718537
14630.300000000347 816.832283186
14630.400000000347 813.513847836
14630.500000000347 810.195412485
14630.600000000348 806.876977134
14630.700000000348 803.558541783
14630.800000000349 800.240106432
14630.900000000349 796.921671081
14631.00000000035 793.603235731
14631.10000000035 790.28480038
14631.20000000035 786.966365029
14631.30000000035 783.647929678
14631.40000000035 780.329494327
14631.500000000351 777.011058976
14631.600000000351 773.692623626
14631.700000000352 770.374188275
14631.800000000352 767.055752924
14631.900000000353 763.737317573
14632.000000000353 760.418882222
14632.100000000353 757.100446871
14632.200000000354 753.782011521
14632.300000000354 750.46357617
14632.400000000354 747.145140819
14632.500000000355 743.826705468
14632.600000000355 740.508270117
14632.700000000355 737.189834766
14632.800000000356 733.871399416
14632.900000000356 730.552964065
14633.000000000357 727.234528714
14633.100000000357 723.916093363
14633.200000000357 720.597658012
14633.300000000358 717.279222661
14633.400000000358 713.960787311
14633.500000000358 710.64235196
14633.600000000359 707.323916609
14633.700000000359 704.005481258
14633.80000000036 700.687045907
14633.90000000036 697.368610556
14634.00000000036 694.050175205
14634.10000000036 690.731739855
14634.20000000036 687.413304504
14634.300000000361 684.094869153
14634.400000000362 680.776433802
14634.500000000362 677.457998451
14634.600000000362 674.1395631
14634.700000000363 670.82112775
14634.800000000363 667.502692399
14634.900000000363 664.184257048
14635.000000000364 660.865821697
14635.100000000364 657.547386346
14635.200000000365 654.228950995
14635.300000000365 650.910515645
14635.400000000365 647.592080294
14635.500000000366 644.273644943
14635.600000000366 640.955209592
14635.700000000366 637.636774241
14635.800000000367 634.31833889
14635.900000000367 630.99990354
14636.000000000367 627.681468189
14636.100000000368 624.363032838
14636.200000000368 621.044597487
14636.300000000369 617.726162136
14636.400000000369 614.407726785
14636.50000000037 611.089291435
14636.60000000037 607.770856084
14636.70000000037 604.452420733
14636.80000000037 601.133985382
14636.90000000037 597.815550031
14637.000000000371 594.49711468
14637.100000000371 591.17867933
14637.200000000372 587.860243979
14637.300000000372 584.541808628
14637.400000000373 581.223373277
14637.500000000373 577.904937926
14637.600000000373 574.586502575
14637.700000000374 571.268067225
14637.800000000374 567.949631874
14637.900000000374 564.631196523
14638.000000000375 561.312761172
14638.100000000375 557.994325821
14638.200000000375 554.67589047
14638.300000000376 551.35745512
14638.400000000376 548.039019769
14638.500000000377 544.720584418
14638.600000000377 541.402149067
14638.700000000377 538.083713716
14638.800000000378 534.765278365
14638.900000000378 531.446843015
14639.000000000378 528.128407664
14639.100000000379 524.809972313
14639.200000000379 521.491536962
14639.30000000038 518.173101611
14639.40000000038 514.85466626
14639.50000000038 511.536230909
14639.60000000038 508.217795559
14639.70000000038 504.899360208
14639.800000000381 501.580924857
14639.900000000382 498.262489506
14640.000000000382 494.944054155
14640.100000000382 491.625618804
14640.200000000383 488.307183454
14640.300000000383 484.988748103
14640.400000000383 481.670312752
14640.500000000384 478.351877401
14640.600000000384 475.03344205
14640.700000000385 471.715006699
14640.800000000385 468.396571349
14640.900000000385 465.078135998
14641.000000000386 461.759700647
14641.100000000386 458.441265296
14641.200000000386 455.122829945
14641.300000000387 451.804394594
14641.400000000387 448.485959244
14641.500000000387 445.167523893
14641.600000000388 441.849088542
14641.700000000388 438.530653191
14641.800000000389 435.21221784
14641.900000000389 431.893782489
14642.00000000039 428.575347139
14642.10000000039 425.256911788
14642.20000000039 421.938476437
14642.30000000039 418.620041086
14642.40000000039 415.301605735
14642.500000000391 411.983170384
14642.600000000391 408.664735034
14642.700000000392 405.346299683
14642.800000000392 402.027864332
14642.900000000393 398.709428981
14643.000000000393 395.39099363
14643.100000000393 392.072558279
14643.200000000394 388.754122929
14643.300000000394 385.435687578
14643.400000000394 382.117252227
14643.500000000395 378.798816876
14643.600000000395 375.480381525
14643.700000000395 372.161946174
14643.800000000396 368.843510824
14643.900000000396 365.525075473
14644.000000000397 362.206640122
14644.100000000397 358.888204771
14644.200000000397 355.56976942
14644.300000000398 352.251334069
14644.400000000398 348.932898719
14644.500000000398 345.614463368
14644.600000000399 342.296028017
14644.700000000399 338.977592666
14644.8000000004 335.659157315
14644.9000000004 332.340721964
14645.0000000004 329.022286613
14645.1000000004 325.703851263
14645.2000000004 322.385415912
14645.300000000401 319.066980561
14645.400000000402 315.74854521
14645.500000000402 312.430109859
14645.600000000402 309.111674508
14645.700000000403 305.793239158
14645.800000000403 302.474803807
14645.900000000403 299.156368456
14646.000000000404 295.837933105
14646.100000000404 292.519497754
14646.200000000405 289.201062403
14646.300000000405 285.882627053
14646.400000000405 282.564191702
14646.500000000406 279.245756351
14646.600000000406 275.927321
14646.700000000406 272.608885649
14646.800000000407 269.290450298
14646.900000000407 265.972014948
14647.000000000407 262.653579597
14647.100000000408 259.335144246
14647.200000000408 256.016708895
14647.300000000409 252.698273544
14647.400000000409 249.379838193
14647.50000000041 246.061402843
14647.60000000041 242.742967492
14647.70000000041 239.424532141
14647.80000000041 236.10609679
14647.90000000041 232.787661439
14648.000000000411 229.469226088
14648.100000000411 226.150790738
14648.200000000412 222.832355387
14648.300000000412 219.513920036
14648.400000000413 216.195484685
14648.500000000413 212.877049334
14648.600000000413 209.558613983
14648.700000000414 206.240178633
14648.800000000414 202.921743282
14648.900000000414 199.603307931
14649.000000000415 196.28487258
14649.100000000415 192.966437229
14649.200000000415 189.648001878
14649.300000000416 186.329566528
14649.400000000416 183.011131177
14649.500000000417 179.692695826
14649.600000000417 176.374260475
14649.700000000417 173.055825124
14649.800000000418 169.737389773
14649.900000000418 166.418954423
14650.000000000418 163.100519072
14650.100000000419 159.782083721
14650.20000000042 156.46364837
14650.30000000042 153.145213019
14650.40000000042 149.826777668
14650.50000000042 146.508342317
14650.60000000042 143.189906967
14650.700000000421 139.871471616
14650.800000000421 136.553036265
14650.900000000422 133.234600914
14651.000000000422 129.916165563
14651.100000000422 126.597730212
14651.200000000423 123.279294862
14651.300000000423 119.960859511
14651.400000000423 116.64242416
14651.500000000424 113.323988809
14651.600000000424 110.005553458
14651.700000000425 106.687118107
14651.800000000425 103.368682757
14651.900000000425 100.050247406
14652.000000000426 96.7318120549
14652.100000000426 93.4133767041
14652.200000000426 90.0949413533
14652.300000000427 86.7765060024
14652.400000000427 83.4580706516
14652.500000000427 80.1396353008
14652.600000000428 76.8211999499
14652.700000000428 73.5027645991
14652.800000000429 70.1843292482
14652.900000000429 66.8658938974
14653.00000000043 63.5474585466
14653.10000000043 60.2290231957
14653.20000000043 56.9105878449
14653.30000000043 53.5921524941
14653.40000000043 50.2737171432
14653.500000000431 46.9552817924
14653.600000000431 43.6368464416
14653.700000000432 40.3184110907
14653.800000000432 36.9999757399
14653.900000000433 33.681540389
14654.000000000433 30.3631050382
14654.100000000433 27.0446696874
14654.200000000434 23.7262343365
14654.300000000434 20.4077989857
14654.400000000434 17.0893636349
14654.500000000435 13.770928284
14654.600000000435 10.4524929332
14654.700000000435 7.13405758236
14654.800000000436 3.81562223152
14654.900000000436 0.497186880683
