Month  Minimum Average  Minimum SD  Max Average       Max SD
 1         1.819118      1.745015      7.530882      1.849901 
 2         1.748529      1.797833      7.986765      2.066889 
 3         3.236765      1.451156     10.898529      1.850874 
 4         5.166176      1.160199     13.914706      1.621570 
 5         8.288235      1.109654     17.508824      1.507407 
 6        11.275000      0.986583     20.816176      1.671791 
 7        13.377941      1.047805     22.866176      2.006432 
 8        13.167647      1.130258     22.392647      1.757113 
 9        11.029412      1.171608     19.592647      1.409142 
 10         8.102941      1.533160     15.445588      1.469737 
 11         4.517647      1.553075     10.776471      1.307233 
 12         2.573529      1.806412      8.269118      1.755182 
