12367.0 12225.0
12368.0 12225.0
12369.0 12225.0
12370.0 12225.0
12371.0 12225.0
12372.0 12225.0
12373.0 12225.0
12374.0 12225.0
12375.0 12225.0
12376.0 12225.0
12377.0 12225.0
12378.0 12225.0
12379.0 12225.0
12380.0 12225.0
12381.0 12224.9999999
12382.0 12224.9999999
12383.0 12224.9999999
12384.0 12224.9999999
12385.0 12224.9999999
12386.0 12224.9999999
12387.0 12224.9999999
12388.0 12224.9999999
12389.0 12224.9999999
12390.0 12224.9999999
12391.0 12224.9999999
12392.0 12224.9999999
12393.0 12224.9999999
12394.0 12224.9999999
12395.0 12224.9999999
12396.0 12224.9999998
12397.0 12224.9999998
12398.0 12224.9999998
12399.0 12224.9999998
12400.0 12224.9999998
12401.0 12224.9999998
12402.0 12224.9999998
12403.0 12224.9999998
12404.0 12224.9999998
12405.0 12224.9999997
12406.0 12224.9999997
12407.0 12224.9999997
12408.0 12224.9999997
12409.0 12224.9999997
12410.0 12224.9999997
12411.0 12224.9999996
12412.0 12224.9999996
12413.0 12224.9999996
12414.0 12224.9999996
12415.0 12224.9999996
12416.0 12224.9999995
12417.0 12224.9999995
12418.0 12224.9999995
12419.0 12224.9999995
12420.0 12224.9999994
12421.0 12224.9999994
12422.0 12224.9999994
12423.0 12224.9999994
12424.0 12224.9999993
12425.0 12224.9999993
12426.0 12224.9999993
12427.0 12224.9999992
12428.0 12224.9999992
12429.0 12224.9999991
12430.0 12224.9999991
12431.0 12224.9999991
12432.0 12224.999999
12433.0 12224.999999
12434.0 12224.9999989
12435.0 12224.9999989
12436.0 12224.9999988
12437.0 12224.9999988
12438.0 12224.9999987
12439.0 12224.9999986
12440.0 12224.9999986
12441.0 12224.9999985
12442.0 12224.9999984
12443.0 12224.9999984
12444.0 12224.9999983
12445.0 12224.9999982
12446.0 12224.9999981
12447.0 12224.9999981
12448.0 12224.999998
12449.0 12224.9999979
12450.0 12224.9999978
12451.0 12224.9999977
12452.0 12224.9999976
12453.0 12224.9999975
12454.0 12224.9999974
12455.0 12224.9999972
12456.0 12224.9999971
12457.0 12224.999997
12458.0 12224.9999969
12459.0 12224.9999967
12460.0 12224.9999966
12461.0 12224.9999964
12462.0 12224.9999963
12463.0 12224.9999961
12464.0 12224.9999959
12465.0 12224.9999958
12466.0 12224.9999956
12467.0 12224.9999954
12468.0 12224.9999952
12469.0 12224.999995
12470.0 12224.9999948
12471.0 12224.9999945
12472.0 12224.9999943
12473.0 12224.9999941
12474.0 12224.9999938
12475.0 12224.9999935
12476.0 12224.9999933
12477.0 12224.999993
12478.0 12224.9999927
12479.0 12224.9999924
12480.0 12224.999992
12481.0 12224.9999917
12482.0 12224.9999913
12483.0 12224.999991
12484.0 12224.9999906
12485.0 12224.9999902
12486.0 12224.9999898
12487.0 12224.9999893
12488.0 12224.9999889
12489.0 12224.9999884
12490.0 12224.9999879
12491.0 12224.9999874
12492.0 12224.9999869
12493.0 12224.9999864
12494.0 12224.9999858
12495.0 12224.9999852
12496.0 12224.9999846
12497.0 12224.9999839
12498.0 12224.9999833
12499.0 12224.9999826
12500.0 12224.9999818
12501.0 12224.9999811
12502.0 12224.9999803
12503.0 12224.9999795
12504.0 12224.9999786
12505.0 12224.9999777
12506.0 12224.9999768
12507.0 12224.9999759
12508.0 12224.9999749
12509.0 12224.9999738
12510.0 12224.9999728
12511.0 12224.9999716
12512.0 12224.9999705
12513.0 12224.9999693
12514.0 12224.999968
12515.0 12224.9999667
12516.0 12224.9999654
12517.0 12224.9999639
12518.0 12224.9999625
12519.0 12224.9999609
12520.0 12224.9999594
12521.0 12224.9999577
12522.0 12224.999956
12523.0 12224.9999542
12524.0 12224.9999524
12525.0 12224.9999504
12526.0 12224.9999484
12527.0 12224.9999464
12528.0 12224.9999442
12529.0 12224.999942
12530.0 12224.9999396
12531.0 12224.9999372
12532.0 12224.9999347
12533.0 12224.9999321
12534.0 12224.9999294
12535.0 12224.9999266
12536.0 12224.9999236
12537.0 12224.9999206
12538.0 12224.9999174
12539.0 12224.9999142
12540.0 12224.9999107
12541.0 12224.9999072
12542.0 12224.9999035
12543.0 12224.9998997
12544.0 12224.9998958
12545.0 12224.9998916
12546.0 12224.9998874
12547.0 12224.9998829
12548.0 12224.9998783
12549.0 12224.9998736
12550.0 12224.9998686
12551.0 12224.9998635
12552.0 12224.9998581
12553.0 12224.9998526
12554.0 12224.9998468
12555.0 12224.9998408
12556.0 12224.9998346
12557.0 12224.9998282
12558.0 12224.9998215
12559.0 12224.9998146
12560.0 12224.9998074
12561.0 12224.9998
12562.0 12224.9997922
12563.0 12224.9997842
12564.0 12224.9997759
12565.0 12224.9997672
12566.0 12224.9997583
12567.0 12224.999749
12568.0 12224.9997393
12569.0 12224.9997293
12570.0 12224.999719
12571.0 12224.9997082
12572.0 12224.9996971
12573.0 12224.9996855
12574.0 12224.9996735
12575.0 12224.9996611
12576.0 12224.9996482
12577.0 12224.9996348
12578.0 12224.9996209
12579.0 12224.9996066
12580.0 12224.9995917
12581.0 12224.9995762
12582.0 12224.9995602
12583.0 12224.9995436
12584.0 12224.9995264
12585.0 12224.9995086
12586.0 12224.9994901
12587.0 12224.999471
12588.0 12224.9994511
12589.0 12224.9994306
12590.0 12224.9994092
12591.0 12224.9993872
12592.0 12224.9993643
12593.0 12224.9993406
12594.0 12224.999316
12595.0 12224.9992906
12596.0 12224.9992642
12597.0 12224.999237
12598.0 12224.9992087
12599.0 12224.9991794
12600.0 12224.999149
12601.0 12224.9991176
12602.0 12224.9990851
12603.0 12224.9990514
12604.0 12224.9990165
12605.0 12224.9989804
12606.0 12224.9989429
12607.0 12224.9989042
12608.0 12224.9988641
12609.0 12224.9988225
12610.0 12224.9987795
12611.0 12224.998735
12612.0 12224.9986889
12613.0 12224.9986412
12614.0 12224.9985918
12615.0 12224.9985407
12616.0 12224.9984878
12617.0 12224.9984331
12618.0 12224.9983764
12619.0 12224.9983178
12620.0 12224.9982571
12621.0 12224.9981943
12622.0 12224.9981293
12623.0 12224.9980621
12624.0 12224.9979925
12625.0 12224.9979205
12626.0 12224.9978461
12627.0 12224.9977691
12628.0 12224.9976894
12629.0 12224.9976069
12630.0 12224.9975217
12631.0 12224.9974335
12632.0 12224.9973423
12633.0 12224.997248
12634.0 12224.9971504
12635.0 12224.9970495
12636.0 12224.9969452
12637.0 12224.9968373
12638.0 12224.9967258
12639.0 12224.9966104
12640.0 12224.9964912
12641.0 12224.9963679
12642.0 12224.9962404
12643.0 12224.9961086
12644.0 12224.9959724
12645.0 12224.9958316
12646.0 12224.9956861
12647.0 12224.9955356
12648.0 12224.9953802
12649.0 12224.9952195
12650.0 12224.9950534
12651.0 12224.9948818
12652.0 12224.9947045
12653.0 12224.9945212
12654.0 12224.9943319
12655.0 12224.9941363
12656.0 12224.9939341
12657.0 12224.9937253
12658.0 12224.9935096
12659.0 12224.9932867
12660.0 12224.9930565
12661.0 12224.9928187
12662.0 12224.9925731
12663.0 12224.9923194
12664.0 12224.9920573
12665.0 12224.9917867
12666.0 12224.9915073
12667.0 12224.9912186
12668.0 12224.9909206
12669.0 12224.9906129
12670.0 12224.9902952
12671.0 12224.9899671
12672.0 12224.9896284
12673.0 12224.9892787
12674.0 12224.9889177
12675.0 12224.988545
12676.0 12224.9881603
12677.0 12224.9877632
12678.0 12224.9873534
12679.0 12224.9869303
12680.0 12224.9864937
12681.0 12224.9860431
12682.0 12224.9855781
12683.0 12224.9850983
12684.0 12224.9846031
12685.0 12224.9840922
12686.0 12224.983565
12687.0 12224.9830211
12688.0 12224.9824599
12689.0 12224.9818809
12690.0 12224.9812837
12691.0 12224.9806675
12692.0 12224.980032
12693.0 12224.9793764
12694.0 12224.9787002
12695.0 12224.9780029
12696.0 12224.9772836
12697.0 12224.9765418
12698.0 12224.9757769
12699.0 12224.974988
12700.0 12224.9741746
12701.0 12224.9733359
12702.0 12224.9724711
12703.0 12224.9715794
12704.0 12224.9706602
12705.0 12224.9697125
12706.0 12224.9687356
12707.0 12224.9677285
12708.0 12224.9666903
12709.0 12224.9656203
12710.0 12224.9645174
12711.0 12224.9633807
12712.0 12224.9622092
12713.0 12224.9610019
12714.0 12224.9597577
12715.0 12224.9584756
12716.0 12224.9571545
12717.0 12224.9557933
12718.0 12224.9543907
12719.0 12224.9529457
12720.0 12224.9514569
12721.0 12224.9499232
12722.0 12224.9483433
12723.0 12224.9467157
12724.0 12224.9450393
12725.0 12224.9433125
12726.0 12224.9415339
12727.0 12224.9397021
12728.0 12224.9378156
12729.0 12224.9358728
12730.0 12224.9338721
12731.0 12224.9318119
12732.0 12224.9296905
12733.0 12224.9275062
12734.0 12224.9252573
12735.0 12224.9229418
12736.0 12224.920558
12737.0 12224.918104
12738.0 12224.9155777
12739.0 12224.9129773
12740.0 12224.9103005
12741.0 12224.9075454
12742.0 12224.9047097
12743.0 12224.9017912
12744.0 12224.8987876
12745.0 12224.8956966
12746.0 12224.8925158
12747.0 12224.8892427
12748.0 12224.8858748
12749.0 12224.8824095
12750.0 12224.8788441
12751.0 12224.8751759
12752.0 12224.8714022
12753.0 12224.86752
12754.0 12224.8635264
12755.0 12224.8594184
12756.0 12224.8551929
12757.0 12224.8508468
12758.0 12224.8463767
12759.0 12224.8417794
12760.0 12224.8370515
12761.0 12224.8321894
12762.0 12224.8271895
12763.0 12224.8220483
12764.0 12224.8167619
12765.0 12224.8113265
12766.0 12224.8057381
12767.0 12224.7999927
12768.0 12224.7940861
12769.0 12224.7880141
12770.0 12224.7817723
12771.0 12224.7753562
12772.0 12224.7687614
12773.0 12224.761983
12774.0 12224.7550164
12775.0 12224.7478565
12776.0 12224.7404984
12777.0 12224.7329369
12778.0 12224.7251667
12779.0 12224.7171825
12780.0 12224.7089787
12781.0 12224.7005495
12782.0 12224.6918894
12783.0 12224.6829922
12784.0 12224.6738519
12785.0 12224.6644623
12786.0 12224.654817
12787.0 12224.6449095
12788.0 12224.6347331
12789.0 12224.6242811
12790.0 12224.6135463
12791.0 12224.6025216
12792.0 12224.5911997
12793.0 12224.5795732
12794.0 12224.5676343
12795.0 12224.5553752
12796.0 12224.5427878
12797.0 12224.529864
12798.0 12224.5165954
12799.0 12224.5029733
12800.0 12224.488989
12801.0 12224.4746335
12802.0 12224.4598975
12803.0 12224.4447717
12804.0 12224.4292465
12805.0 12224.4133119
12806.0 12224.396958
12807.0 12224.3801744
12808.0 12224.3629506
12809.0 12224.3452758
12810.0 12224.3271392
12811.0 12224.3085293
12812.0 12224.2894348
12813.0 12224.2698438
12814.0 12224.2497444
12815.0 12224.2291242
12816.0 12224.2079708
12817.0 12224.1862713
12818.0 12224.1640125
12819.0 12224.1411811
12820.0 12224.1177634
12821.0 12224.0937455
12822.0 12224.0691129
12823.0 12224.0438512
12824.0 12224.0179453
12825.0 12223.9913801
12826.0 12223.96414
12827.0 12223.936209
12828.0 12223.907571
12829.0 12223.8782093
12830.0 12223.848107
12831.0 12223.8172467
12832.0 12223.7856109
12833.0 12223.7531814
12834.0 12223.7199397
12835.0 12223.6858672
12836.0 12223.6509446
12837.0 12223.6151522
12838.0 12223.57847
12839.0 12223.5408776
12840.0 12223.5023541
12841.0 12223.4628781
12842.0 12223.422428
12843.0 12223.3809816
12844.0 12223.3385161
12845.0 12223.2950085
12846.0 12223.2504352
12847.0 12223.2047721
12848.0 12223.1579946
12849.0 12223.1100776
12850.0 12223.0609957
12851.0 12223.0107226
12852.0 12222.9592319
12853.0 12222.9064963
12854.0 12222.8524881
12855.0 12222.7971791
12856.0 12222.7405405
12857.0 12222.6825428
12858.0 12222.6231562
12859.0 12222.56235
12860.0 12222.5000932
12861.0 12222.4363538
12862.0 12222.3710995
12863.0 12222.3042974
12864.0 12222.2359136
12865.0 12222.1659139
12866.0 12222.0942632
12867.0 12222.0209259
12868.0 12221.9458657
12869.0 12221.8690454
12870.0 12221.7904273
12871.0 12221.7099728
12872.0 12221.6276428
12873.0 12221.5433973
12874.0 12221.4571955
12875.0 12221.3689959
12876.0 12221.2787562
12877.0 12221.1864334
12878.0 12221.0919836
12879.0 12220.995362
12880.0 12220.8965231
12881.0 12220.7954205
12882.0 12220.692007
12883.0 12220.5862344
12884.0 12220.4780538
12885.0 12220.3674152
12886.0 12220.2542678
12887.0 12220.1385599
12888.0 12220.0202388
12889.0 12219.8992508
12890.0 12219.7755414
12891.0 12219.6490549
12892.0 12219.5197347
12893.0 12219.3875233
12894.0 12219.252362
12895.0 12219.1141911
12896.0 12218.9729499
12897.0 12218.8285766
12898.0 12218.6810083
12899.0 12218.530181
12900.0 12218.3760295
12901.0 12218.2184877
12902.0 12218.057488
12903.0 12217.892962
12904.0 12217.7248397
12905.0 12217.5530504
12906.0 12217.3775217
12907.0 12217.1981804
12908.0 12217.0149516
12909.0 12216.8277594
12910.0 12216.6365267
12911.0 12216.4411748
12912.0 12216.241624
12913.0 12216.037793
12914.0 12215.8295993
12915.0 12215.6169589
12916.0 12215.3997866
12917.0 12215.1779956
12918.0 12214.9514977
12919.0 12214.7202033
12920.0 12214.4840214
12921.0 12214.2428594
12922.0 12213.9966232
12923.0 12213.7452173
12924.0 12213.4885444
12925.0 12213.226506
12926.0 12212.9590017
12927.0 12212.6859297
12928.0 12212.4071864
12929.0 12212.1226668
12930.0 12211.8322639
12931.0 12211.5358695
12932.0 12211.2333732
12933.0 12210.9246632
12934.0 12210.6096259
12935.0 12210.2881458
12936.0 12209.9601058
12937.0 12209.6253868
12938.0 12209.2838682
12939.0 12208.9354272
12940.0 12208.5799393
12941.0 12208.2172781
12942.0 12207.8473154
12943.0 12207.4699208
12944.0 12207.0849623
12945.0 12206.6923056
12946.0 12206.2918147
12947.0 12205.8833513
12948.0 12205.4667753
12949.0 12205.0419444
12950.0 12204.6087143
12951.0 12204.1669386
12952.0 12203.7164687
12953.0 12203.257154
12954.0 12202.7888416
12955.0 12202.3113764
12956.0 12201.8246013
12957.0 12201.3283567
12958.0 12200.8224809
12959.0 12200.3068099
12960.0 12199.7811774
12961.0 12199.2454148
12962.0 12198.6993511
12963.0 12198.142813
12964.0 12197.5756248
12965.0 12196.9976084
12966.0 12196.4085832
12967.0 12195.8083662
12968.0 12195.196772
12969.0 12194.5736127
12970.0 12193.9386976
12971.0 12193.2918339
12972.0 12192.6328259
12973.0 12191.9614756
12974.0 12191.277582
12975.0 12190.5809419
12976.0 12189.8713491
12977.0 12189.1485951
12978.0 12188.4124684
12979.0 12187.6627548
12980.0 12186.8992377
12981.0 12186.1216972
12982.0 12185.3299112
12983.0 12184.5236544
12984.0 12183.7026989
12985.0 12182.8668138
12986.0 12182.0157654
12987.0 12181.1493172
12988.0 12180.2672298
12989.0 12179.3692607
12990.0 12178.4551647
12991.0 12177.5246935
12992.0 12176.5775957
12993.0 12175.6136173
12994.0 12174.6325008
12995.0 12173.633986
12996.0 12172.6178095
12997.0 12171.583705
12998.0 12170.5314028
12999.0 12169.4606303
13000.0 12168.3711117
13001.0 12167.2625682
13002.0 12166.1347176
13003.0 12164.9872747
13004.0 12163.819951
13005.0 12162.6324549
13006.0 12161.4244913
13007.0 12160.1957623
13008.0 12158.9459663
13009.0 12157.6747986
13010.0 12156.3819513
13011.0 12155.067113
13012.0 12153.7299691
13013.0 12152.3702017
13014.0 12150.9874894
13015.0 12149.5815075
13016.0 12148.151928
13017.0 12146.6984194
13018.0 12145.2206469
13019.0 12143.7182721
13020.0 12142.1909535
13021.0 12140.6383458
13022.0 12139.0601005
13023.0 12137.4558655
13024.0 12135.8252853
13025.0 12134.1680009
13026.0 12132.4836498
13027.0 12130.7718662
13028.0 12129.0322804
13029.0 12127.2645196
13030.0 12125.4682072
13031.0 12123.6429632
13032.0 12121.788404
13033.0 12119.9041426
13034.0 12117.9897884
13035.0 12116.0449472
13036.0 12114.0692212
13037.0 12112.0622093
13038.0 12110.0235066
13039.0 12107.9527047
13040.0 12105.8493918
13041.0 12103.7131524
13042.0 12101.5435674
13043.0 12099.3402142
13044.0 12097.1026669
13045.0 12094.8304955
13046.0 12092.5232671
13047.0 12090.1805446
13048.0 12087.801888
13049.0 12085.3868532
13050.0 12082.934993
13051.0 12080.4458564
13052.0 12077.918989
13053.0 12075.3539329
13054.0 12072.7502267
13055.0 12070.1074054
13056.0 12067.4250007
13057.0 12064.7025406
13058.0 12061.9395499
13059.0 12059.1355498
13060.0 12056.290058
13061.0 12053.402589
13062.0 12050.4726537
13063.0 12047.4997596
13064.0 12044.4834111
13065.0 12041.4231088
13066.0 12038.3183504
13067.0 12035.1686301
13068.0 12031.9734386
13069.0 12028.7322636
13070.0 12025.4445896
13071.0 12022.1098975
13072.0 12018.7276653
13073.0 12015.2973677
13074.0 12011.8184763
13075.0 12008.2904595
13076.0 12004.7127826
13077.0 12001.0849078
13078.0 11997.4062944
13079.0 11993.6763984
13080.0 11989.894673
13081.0 11986.0605685
13082.0 11982.1735321
13083.0 11978.2330083
13084.0 11974.2384384
13085.0 11970.1892613
13086.0 11966.0849128
13087.0 11961.9248262
13088.0 11957.7084318
13089.0 11953.4351575
13090.0 11949.1044284
13091.0 11944.7156672
13092.0 11940.2682938
13093.0 11935.7617257
13094.0 11931.1953781
13095.0 11926.5686635
13096.0 11921.8809924
13097.0 11917.1317726
13098.0 11912.3204099
13099.0 11907.4463078
13100.0 11902.5088676
13101.0 11897.5074886
13102.0 11892.4415679
13103.0 11887.3105006
13104.0 11882.11368
13105.0 11876.8504974
13106.0 11871.5203422
13107.0 11866.1226022
13108.0 11860.6566634
13109.0 11855.12191
13110.0 11849.5177247
13111.0 11843.8434889
13112.0 11838.0985821
13113.0 11832.2823828
13114.0 11826.3942679
13115.0 11820.433613
13116.0 11814.3997928
13117.0 11808.2921805
13118.0 11802.1101486
13119.0 11795.8530682
13120.0 11789.5203098
13121.0 11783.111243
13122.0 11776.6252365
13123.0 11770.0616583
13124.0 11763.419876
13125.0 11756.6992565
13126.0 11749.8991661
13127.0 11743.018971
13128.0 11736.0580368
13129.0 11729.0157292
13130.0 11721.8914135
13131.0 11714.684455
13132.0 11707.3942191
13133.0 11700.0200713
13134.0 11692.5613772
13135.0 11685.0175027
13136.0 11677.3878143
13137.0 11669.6716786
13138.0 11661.868463
13139.0 11653.9775355
13140.0 11645.9982648
13141.0 11637.9300205
13142.0 11629.772173
13143.0 11621.5240938
13144.0 11613.1851556
13145.0 11604.754732
13146.0 11596.2321983
13147.0 11587.6169309
13148.0 11578.908308
13149.0 11570.105709
13150.0 11561.2085154
13151.0 11552.2161103
13152.0 11543.1278787
13153.0 11533.9432076
13154.0 11524.6614863
13155.0 11515.2821062
13156.0 11505.8044608
13157.0 11496.2279465
13158.0 11486.5519617
13159.0 11476.775908
13160.0 11466.8991892
13161.0 11456.9212124
13162.0 11446.8413874
13163.0 11436.6591271
13164.0 11426.3738478
13165.0 11415.9849689
13166.0 11405.4919131
13167.0 11394.8941069
13168.0 11384.1909804
13169.0 11373.3819671
13170.0 11362.4665048
13171.0 11351.4440349
13172.0 11340.3140032
13173.0 11329.0758595
13174.0 11317.7290579
13175.0 11306.2730571
13176.0 11294.7073202
13177.0 11283.031315
13178.0 11271.244514
13179.0 11259.3463946
13180.0 11247.3364395
13181.0 11235.214136
13182.0 11222.9789772
13183.0 11210.6304611
13184.0 11198.1680914
13185.0 11185.5913773
13186.0 11172.8998338
13187.0 11160.0929818
13188.0 11147.1703478
13189.0 11134.1314646
13190.0 11120.9758713
13191.0 11107.7031131
13192.0 11094.3127416
13193.0 11080.8043151
13194.0 11067.1773983
13195.0 11053.4315628
13196.0 11039.5663871
13197.0 11025.5814568
13198.0 11011.4763643
13199.0 10997.2507094
13200.0 10982.9040994
13201.0 10968.4361487
13202.0 10953.8464797
13203.0 10939.134722
13204.0 10924.3005135
13205.0 10909.3434996
13206.0 10894.2633339
13207.0 10879.0596783
13208.0 10863.7322026
13209.0 10848.2805852
13210.0 10832.704513
13211.0 10817.0036814
13212.0 10801.1777945
13213.0 10785.2265651
13214.0 10769.1497151
13215.0 10752.9469754
13216.0 10736.6180859
13217.0 10720.1627957
13218.0 10703.5808635
13219.0 10686.8720572
13220.0 10670.0361544
13221.0 10653.0729421
13222.0 10635.9822174
13223.0 10618.763787
13224.0 10601.4174676
13225.0 10583.9430859
13226.0 10566.3404789
13227.0 10548.6094938
13228.0 10530.749988
13229.0 10512.7618295
13230.0 10494.6448968
13231.0 10476.3990788
13232.0 10458.0242753
13233.0 10439.5203971
13234.0 10420.8873654
13235.0 10402.1251127
13236.0 10383.2335826
13237.0 10364.2127296
13238.0 10345.0625196
13239.0 10325.7829298
13240.0 10306.3739487
13241.0 10286.8355763
13242.0 10267.1678241
13243.0 10247.3707154
13244.0 10227.444285
13245.0 10207.3885794
13246.0 10187.2036571
13247.0 10166.8895885
13248.0 10146.4464559
13249.0 10125.8743536
13250.0 10105.1733879
13251.0 10084.3436776
13252.0 10063.3853535
13253.0 10042.2985585
13254.0 10021.0834481
13255.0 9999.74019019
13256.0 9978.26896489
13257.0 9956.66996496
13258.0 9934.94339567
13259.0 9913.08947487
13260.0 9891.10843303
13261.0 9869.00051331
13262.0 9846.76597157
13263.0 9824.40507643
13264.0 9801.9181093
13265.0 9779.3053644
13266.0 9756.56714884
13267.0 9733.70378259
13268.0 9710.71559853
13269.0 9687.60294251
13270.0 9664.36617332
13271.0 9641.00566276
13272.0 9617.52179562
13273.0 9593.91496974
13274.0 9570.18559596
13275.0 9546.33409821
13276.0 9522.36091348
13277.0 9498.26649182
13278.0 9474.05129638
13279.0 9449.71580336
13280.0 9425.26050207
13281.0 9400.68589491
13282.0 9375.99249735
13283.0 9351.18083793
13284.0 9326.25145827
13285.0 9301.20491304
13286.0 9276.04176997
13287.0 9250.76260981
13288.0 9225.36802633
13289.0 9199.85862627
13290.0 9174.23502938
13291.0 9148.49786832
13292.0 9122.64778872
13293.0 9096.68544904
13294.0 9070.61152065
13295.0 9044.42668772
13296.0 9018.13164723
13297.0 8991.72710887
13298.0 8965.21379508
13299.0 8938.59244095
13300.0 8911.86379419
13301.0 8885.02861506
13302.0 8858.08767638
13303.0 8831.04176339
13304.0 8803.89167377
13305.0 8776.63821754
13306.0 8749.28221701
13307.0 8721.8245067
13308.0 8694.26593332
13309.0 8666.60735566
13310.0 8638.84964452
13311.0 8610.99368266
13312.0 8583.04036471
13313.0 8554.99059709
13314.0 8526.84529795
13315.0 8498.60539707
13316.0 8470.27183577
13317.0 8441.84556682
13318.0 8413.32755439
13319.0 8384.7187739
13320.0 8356.02021199
13321.0 8327.23286636
13322.0 8298.35774571
13323.0 8269.39586963
13324.0 8240.34826849
13325.0 8211.21598336
13326.0 8182.00006586
13327.0 8152.70157809
13328.0 8123.32159249
13329.0 8093.86119175
13330.0 8064.32146866
13331.0 8034.70352604
13332.0 8005.00847658
13333.0 7975.23744271
13334.0 7945.39155653
13335.0 7915.47195963
13336.0 7885.47980297
13337.0 7855.41624677
13338.0 7825.28246038
13339.0 7795.0796221
13340.0 7764.80891909
13341.0 7734.47154723
13342.0 7704.06871095
13343.0 7673.6016231
13344.0 7643.07150484
13345.0 7612.47958542
13346.0 7581.82710211
13347.0 7551.11530001
13348.0 7520.34543191
13349.0 7489.51875812
13350.0 7458.63654635
13351.0 7427.70007153
13352.0 7396.71061564
13353.0 7365.6694676
13354.0 7334.57792305
13355.0 7303.43728423
13356.0 7272.2488598
13357.0 7241.0139647
13358.0 7209.73391992
13359.0 7178.41005241
13360.0 7147.04369486
13361.0 7115.63618556
13362.0 7084.18886821
13363.0 7052.70309176
13364.0 7021.18021021
13365.0 6989.62158247
13366.0 6958.02857218
13367.0 6926.40254751
13368.0 6894.74488099
13369.0 6863.05694936
13370.0 6831.34013334
13371.0 6799.5958175
13372.0 6767.82539005
13373.0 6736.03024265
13374.0 6704.21177026
13375.0 6672.37137093
13376.0 6640.51044561
13377.0 6608.63039801
13378.0 6576.73263434
13379.0 6544.81856321
13380.0 6512.88959536
13381.0 6480.94714356
13382.0 6448.99262232
13383.0 6417.0274478
13384.0 6385.05303756
13385.0 6353.0708104
13386.0 6321.08218616
13387.0 6289.08858552
13388.0 6257.09142984
13389.0 6225.09214094
13390.0 6193.09214094
13391.0 6161.09285204
13392.0 6129.09569636
13393.0 6097.10209572
13394.0 6065.11347148
13395.0 6033.13124432
13396.0 6001.15683408
13397.0 5969.19165956
13398.0 5937.23713832
13399.0 5905.29468651
13400.0 5873.36571867
13401.0 5841.45164754
13402.0 5809.55388387
13403.0 5777.67383626
13404.0 5745.81291095
13405.0 5713.97251161
13406.0 5682.15403922
13407.0 5650.35889183
13408.0 5618.58846437
13409.0 5586.84414854
13410.0 5555.12733252
13411.0 5523.43940089
13412.0 5491.78173437
13413.0 5460.1557097
13414.0 5428.56269941
13415.0 5397.00407167
13416.0 5365.48119012
13417.0 5333.99541366
13418.0 5302.54809632
13419.0 5271.14058702
13420.0 5239.77422947
13421.0 5208.45036196
13422.0 5177.17031718
13423.0 5145.93542207
13424.0 5114.74699765
13425.0 5083.60635883
13426.0 5052.51481428
13427.0 5021.47366624
13428.0 4990.48421035
13429.0 4959.54773553
13430.0 4928.66552376
13431.0 4897.83884997
13432.0 4867.06898187
13433.0 4836.35717977
13434.0 4805.70469646
13435.0 4775.11277704
13436.0 4744.58265877
13437.0 4714.11557093
13438.0 4683.71273465
13439.0 4653.37536279
13440.0 4623.10465978
13441.0 4592.9018215
13442.0 4562.7680351
13443.0 4532.70447891
13444.0 4502.71232225
13445.0 4472.79272534
13446.0 4442.94683916
13447.0 4413.1758053
13448.0 4383.48075584
13449.0 4353.86281322
13450.0 4324.32309013
13451.0 4294.86268939
13452.0 4265.48270379
13453.0 4236.18421602
13454.0 4206.96829852
13455.0 4177.83601339
13456.0 4148.78841225
13457.0 4119.82653617
13458.0 4090.95141552
13459.0 4062.16406989
13460.0 4033.46550797
13461.0 4004.85672749
13462.0 3976.33871506
13463.0 3947.91244611
13464.0 3919.57888481
13465.0 3891.33898392
13466.0 3863.19368479
13467.0 3835.14391717
13468.0 3807.19059922
13469.0 3779.33463736
13470.0 3751.57692622
13471.0 3723.91834855
13472.0 3696.35977518
13473.0 3668.90206487
13474.0 3641.54606434
13475.0 3614.2926081
13476.0 3587.14251849
13477.0 3560.0966055
13478.0 3533.15566682
13479.0 3506.32048769
13480.0 3479.59184093
13481.0 3452.9704868
13482.0 3426.45717301
13483.0 3400.05263465
13484.0 3373.75759415
13485.0 3347.57276123
13486.0 3321.49883284
13487.0 3295.53649316
13488.0 3269.68641355
13489.0 3243.9492525
13490.0 3218.32565561
13491.0 3192.81625555
13492.0 3167.42167206
13493.0 3142.1425119
13494.0 3116.97936884
13495.0 3091.93282361
13496.0 3067.00344395
13497.0 3042.19178453
13498.0 3017.49838697
13499.0 2992.92377981
13500.0 2968.46847852
13501.0 2944.1329855
13502.0 2919.91779005
13503.0 2895.8233684
13504.0 2871.85018366
13505.0 2847.99868592
13506.0 2824.26931214
13507.0 2800.66248625
13508.0 2777.17861912
13509.0 2753.81810856
13510.0 2730.58133937
13511.0 2707.46868335
13512.0 2684.48049929
13513.0 2661.61713304
13514.0 2638.87891747
13515.0 2616.26617258
13516.0 2593.77920545
13517.0 2571.41831031
13518.0 2549.18376857
13519.0 2527.07584885
13520.0 2505.09480701
13521.0 2483.24088621
13522.0 2461.51431692
13523.0 2439.91531699
13524.0 2418.44409169
13525.0 2397.10083374
13526.0 2375.88572338
13527.0 2354.79892841
13528.0 2333.84060424
13529.0 2313.01089394
13530.0 2292.30992832
13531.0 2271.73782598
13532.0 2251.29469334
13533.0 2230.98062474
13534.0 2210.79570248
13535.0 2190.7399969
13536.0 2170.81356645
13537.0 2151.01645773
13538.0 2131.34870559
13539.0 2111.8103332
13540.0 2092.40135208
13541.0 2073.12176227
13542.0 2053.97155229
13543.0 2034.9506993
13544.0 2016.05916917
13545.0 1997.29691651
13546.0 1978.66388483
13547.0 1960.16000654
13548.0 1941.78520311
13549.0 1923.53938512
13550.0 1905.42245233
13551.0 1887.43429383
13552.0 1869.57478806
13553.0 1851.84380294
13554.0 1834.24119598
13555.0 1816.76681433
13556.0 1799.4204949
13557.0 1782.20206446
13558.0 1765.11133973
13559.0 1748.14812748
13560.0 1731.31222463
13561.0 1714.60341835
13562.0 1698.02148615
13563.0 1681.56619602
13564.0 1665.23730649
13565.0 1649.03456676
13566.0 1632.95771679
13567.0 1617.00648742
13568.0 1601.18060047
13569.0 1585.47976885
13570.0 1569.90369665
13571.0 1554.45207931
13572.0 1539.12460363
13573.0 1523.92094797
13574.0 1508.84078232
13575.0 1493.88376842
13576.0 1479.04955986
13577.0 1464.33780221
13578.0 1449.74813314
13579.0 1435.28018249
13580.0 1420.93357244
13581.0 1406.7079176
13582.0 1392.60282509
13583.0 1378.61789473
13584.0 1364.75271908
13585.0 1351.00688362
13586.0 1337.37996681
13587.0 1323.87154025
13588.0 1310.48116876
13589.0 1297.20841054
13590.0 1284.05281725
13591.0 1271.01393412
13592.0 1258.09130013
13593.0 1245.28444804
13594.0 1232.59290457
13595.0 1220.01619051
13596.0 1207.5538208
13597.0 1195.20530469
13598.0 1182.97014583
13599.0 1170.84784241
13600.0 1158.83788725
13601.0 1146.93976793
13602.0 1135.15296691
13603.0 1123.47696166
13604.0 1111.91122474
13605.0 1100.45522393
13606.0 1089.10842238
13607.0 1077.87027867
13608.0 1066.74024696
13609.0 1055.71777711
13610.0 1044.80231477
13611.0 1033.99330151
13612.0 1023.29017493
13613.0 1012.69236877
13614.0 1002.19931302
13615.0 991.810434068
13616.0 981.52515475
13617.0 971.342894511
13618.0 961.263069496
13619.0 951.285092667
13620.0 941.408373908
13621.0 931.632320136
13622.0 921.956335413
13623.0 912.37982105
13624.0 902.902175717
13625.0 893.52279555
13626.0 884.241074255
13627.0 875.056403218
13628.0 865.968171605
13629.0 856.97576647
13630.0 848.078572855
13631.0 839.275973898
13632.0 830.56735093
13633.0 821.952083578
13634.0 813.429549867
13635.0 804.999126317
13636.0 796.660188044
13637.0 788.412108859
13638.0 780.25426136
13639.0 772.186017036
13640.0 764.206746355
13641.0 756.315818865
13642.0 748.512603283
13643.0 740.796467592
13644.0 733.166779129
13645.0 725.622904679
13646.0 718.164210564
13647.0 710.790062733
13648.0 703.499826848
13649.0 696.292868375
13650.0 689.168552667
13651.0 682.126245051
13652.0 675.165310913
13653.0 668.28511578
13654.0 661.485025403
13655.0 654.76440584
13656.0 648.122623532
13657.0 641.55904539
13658.0 635.073038865
13659.0 628.663972031
13660.0 622.33121366
13661.0 616.074133298
13662.0 609.892101336
13663.0 603.784489087
13664.0 597.750668858
13665.0 591.79001402
13666.0 585.901899077
13667.0 580.085699738
13668.0 574.340792982
13669.0 568.66655713
13670.0 563.062371903
13671.0 557.527618494
13672.0 552.061679629
13673.0 546.66393963
13674.0 541.333784477
13675.0 536.070601866
13676.0 530.873781275
13677.0 525.742714014
13678.0 520.67679329
13679.0 515.675414259
13680.0 510.737974083
13681.0 505.863871983
13682.0 501.052509295
13683.0 496.303289517
13684.0 491.615618366
13685.0 486.988903825
13686.0 482.422556191
13687.0 477.915988125
13688.0 473.468614699
13689.0 469.07985344
13690.0 464.749124376
13691.0 460.475850081
13692.0 456.259455715
13693.0 452.099369067
13694.0 447.995020598
13695.0 443.945843477
13696.0 439.951273621
13697.0 436.010749734
13698.0 432.123713344
13699.0 428.289608835
13700.0 424.507883485
13701.0 420.7779875
13702.0 417.099374044
13703.0 413.471499275
13704.0 409.89382237
13705.0 406.36580556
13706.0 402.886914157
13707.0 399.456616582
13708.0 396.074384392
13709.0 392.739692306
13710.0 389.452018229
13711.0 386.210843279
13712.0 383.01565181
13713.0 379.86593143
13714.0 376.761173029
13715.0 373.700870794
13716.0 370.684522234
13717.0 367.711628193
13718.0 364.781692874
13719.0 361.894223853
13720.0 359.048732094
13721.0 356.244731969
13722.0 353.481741267
13723.0 350.759281214
13724.0 348.076876482
13725.0 345.4340552
13726.0 342.83034897
13727.0 340.265292877
13728.0 337.738425493
13729.0 335.249288895
13730.0 332.797428665
13731.0 330.382393904
13732.0 328.003737237
13733.0 325.661014817
13734.0 323.353786332
13735.0 321.081615013
13736.0 318.844067631
13737.0 316.640714507
13738.0 314.471129512
13739.0 312.334890068
13740.0 310.231577152
13741.0 308.160775295
13742.0 306.122072582
13743.0 304.115060652
13744.0 302.139334698
13745.0 300.194493461
13746.0 298.280139235
13747.0 296.395877856
13748.0 294.541318704
13749.0 292.716074697
13750.0 290.919762286
13751.0 289.152001451
13752.0 287.412415695
13753.0 285.700632035
13754.0 284.016281
13755.0 282.35899662
13756.0 280.728416419
13757.0 279.124181409
13758.0 277.545936077
13759.0 275.993328379
13760.0 274.466009731
13761.0 272.963634994
13762.0 271.48586247
13763.0 270.032353885
13764.0 268.602774382
13765.0 267.196792506
13766.0 265.814080194
13767.0 264.45431276
13768.0 263.117168885
13769.0 261.8023306
13770.0 260.509483276
13771.0 259.238315607
13772.0 257.988519595
13773.0 256.75979054
13774.0 255.551827017
13775.0 254.364330868
13776.0 253.197007182
13777.0 252.04956428
13778.0 250.921713699
13779.0 249.813170174
13780.0 248.723651623
13781.0 247.652879127
13782.0 246.600576914
13783.0 245.566472344
13784.0 244.550295885
13785.0 243.5517811
13786.0 242.570664627
13787.0 241.606686158
13788.0 240.659588423
13789.0 239.729117169
13790.0 238.815021144
13791.0 237.917052073
13792.0 237.034964639
13793.0 236.168516469
13794.0 235.317468104
13795.0 234.481582989
13796.0 233.660627445
13797.0 232.854370652
13798.0 232.06258463
13799.0 231.285044212
13800.0 230.521527032
13801.0 229.771813496
13802.0 229.035686765
13803.0 228.312932733
13804.0 227.603340006
13805.0 226.906699879
13806.0 226.222806318
13807.0 225.551455935
13808.0 224.892447966
13809.0 224.245584254
13810.0 223.610669223
13811.0 222.987509855
13812.0 222.375915674
13813.0 221.775698719
13814.0 221.186673523
13815.0 220.608657094
13816.0 220.041468888
13817.0 219.484930791
13818.0 218.938867096
13819.0 218.40310448
13820.0 217.877471984
13821.0 217.361800987
13822.0 216.855925188
13823.0 216.359680584
13824.0 215.872905443
13825.0 215.395440289
13826.0 214.927127874
13827.0 214.46781316
13828.0 214.017343295
13829.0 213.575567593
13830.0 213.142337509
13831.0 212.717506619
13832.0 212.300930602
13833.0 211.892467211
13834.0 211.491976256
13835.0 211.099319582
13836.0 210.714361048
13837.0 210.336966501
13838.0 209.967003763
13839.0 209.604342601
13840.0 209.248854712
13841.0 208.900413698
13842.0 208.558895047
13843.0 208.224176111
13844.0 207.896136087
13845.0 207.574655993
13846.0 207.25961865
13847.0 206.950908659
13848.0 206.648412386
13849.0 206.352017932
13850.0 206.061615122
13851.0 205.777095479
13852.0 205.498352208
13853.0 205.225280173
13854.0 204.957775877
13855.0 204.695737444
13856.0 204.439064601
13857.0 204.187658652
13858.0 203.941422465
13859.0 203.700260453
13860.0 203.464078547
13861.0 203.232784188
13862.0 203.006286299
13863.0 202.78449527
13864.0 202.567322941
13865.0 202.35468258
13866.0 202.146488867
13867.0 201.942657874
13868.0 201.743107051
13869.0 201.5477552
13870.0 201.356522468
13871.0 201.169330318
13872.0 200.986101522
13873.0 200.806760134
13874.0 200.631231482
13875.0 200.459442142
13876.0 200.291319927
13877.0 200.12679387
13878.0 199.965794204
13879.0 199.808252347
13880.0 199.654100887
13881.0 199.503273564
13882.0 199.355705254
13883.0 199.211331956
13884.0 199.070090772
13885.0 198.931919891
13886.0 198.796758581
13887.0 198.664547163
13888.0 198.535227004
13889.0 198.408740498
13890.0 198.285031054
13891.0 198.164043076
13892.0 198.045721955
13893.0 197.93001405
13894.0 197.816866674
13895.0 197.706228082
13896.0 197.598047456
13897.0 197.49227489
13898.0 197.388861379
13899.0 197.2877588
13900.0 197.188919907
13901.0 197.09229831
13902.0 196.997848464
13903.0 196.90552566
13904.0 196.815286005
13905.0 196.727086417
13906.0 196.640884606
13907.0 196.556639067
13908.0 196.474309061
13909.0 196.393854612
13910.0 196.315236485
13911.0 196.238416183
13912.0 196.163355928
13913.0 196.090018657
13914.0 196.018368002
13915.0 195.948368286
13916.0 195.879984509
13917.0 195.813182334
13918.0 195.747928084
13919.0 195.684188723
13920.0 195.621931848
13921.0 195.561125683
13922.0 195.501739063
13923.0 195.443741424
13924.0 195.387102799
13925.0 195.3317938
13926.0 195.277785614
13927.0 195.225049991
13928.0 195.173559235
13929.0 195.123286195
13930.0 195.074204253
13931.0 195.026287319
13932.0 194.979509821
13933.0 194.933846691
13934.0 194.889273364
13935.0 194.845765765
13936.0 194.803300299
13937.0 194.761853846
13938.0 194.721403752
13939.0 194.68192782
13940.0 194.6434043
13941.0 194.605811885
13942.0 194.569129702
13943.0 194.5333373
13944.0 194.49841465
13945.0 194.46434213
13946.0 194.431100524
13947.0 194.398671009
13948.0 194.367035152
13949.0 194.336174902
13950.0 194.30607258
13951.0 194.276710878
13952.0 194.248072846
13953.0 194.22014189
13954.0 194.192901762
13955.0 194.166336556
13956.0 194.140430702
13957.0 194.115168958
13958.0 194.090536402
13959.0 194.066518432
13960.0 194.043100755
13961.0 194.020269381
13962.0 193.998010622
13963.0 193.976311079
13964.0 193.955157644
13965.0 193.93453749
13966.0 193.914438066
13967.0 193.894847091
13968.0 193.875752554
13969.0 193.857142701
13970.0 193.839006035
13971.0 193.82133131
13972.0 193.804107527
13973.0 193.787323926
13974.0 193.770969984
13975.0 193.75503541
13976.0 193.739510141
13977.0 193.724384335
13978.0 193.709648369
13979.0 193.695292834
13980.0 193.681308529
13981.0 193.66768646
13982.0 193.654417834
13983.0 193.641494055
13984.0 193.628906719
13985.0 193.616647614
13986.0 193.60470871
13987.0 193.593082161
13988.0 193.581760298
13989.0 193.570735627
13990.0 193.560000823
13991.0 193.549548729
13992.0 193.539372353
13993.0 193.529464862
13994.0 193.519819579
13995.0 193.510429983
13996.0 193.501289701
13997.0 193.49239251
13998.0 193.483732329
13999.0 193.475303219
14000.0 193.46709938
14001.0 193.459115145
14002.0 193.451344981
14003.0 193.443783486
14004.0 193.436425382
14005.0 193.429265517
14006.0 193.422298859
14007.0 193.415520496
14008.0 193.408925632
14009.0 193.402509584
14010.0 193.396267782
14011.0 193.390195763
14012.0 193.384289171
14013.0 193.378543755
14014.0 193.372955365
14015.0 193.367519952
14016.0 193.362233562
14017.0 193.357092338
14018.0 193.352092516
14019.0 193.347230423
14020.0 193.342502475
14021.0 193.337905176
14022.0 193.333435114
14023.0 193.329088961
14024.0 193.324863469
14025.0 193.320755472
14026.0 193.31676188
14027.0 193.312879678
14028.0 193.309105929
14029.0 193.305437766
14030.0 193.301872392
14031.0 193.298407081
14032.0 193.295039175
14033.0 193.291766081
14034.0 193.288585272
14035.0 193.285494283
14036.0 193.282490711
14037.0 193.279572213
14038.0 193.276736506
14039.0 193.273981365
14040.0 193.271304617
14041.0 193.26870415
14042.0 193.266177901
14043.0 193.263723861
14044.0 193.261340072
14045.0 193.259024626
14046.0 193.256775664
14047.0 193.254591373
14048.0 193.252469989
14049.0 193.25040979
14050.0 193.248409102
14051.0 193.246466292
14052.0 193.244579768
14053.0 193.242747983
14054.0 193.240969426
14055.0 193.239242628
14056.0 193.237566156
14057.0 193.235938617
14058.0 193.234358653
14059.0 193.232824941
14060.0 193.231336192
14061.0 193.229891154
14062.0 193.228488606
14063.0 193.227127357
14064.0 193.225806252
14065.0 193.224524162
14066.0 193.223279992
14067.0 193.222072673
14068.0 193.220901165
14069.0 193.219764458
14070.0 193.218661566
14071.0 193.217591531
14072.0 193.216553421
14073.0 193.215546327
14074.0 193.214569366
14075.0 193.213621679
14076.0 193.21270243
14077.0 193.211810804
14078.0 193.21094601
14079.0 193.210107279
14080.0 193.20929386
14081.0 193.208505024
14082.0 193.207740064
14083.0 193.206998288
14084.0 193.206279027
14085.0 193.205581628
14086.0 193.204905457
14087.0 193.204249896
14088.0 193.203614346
14089.0 193.202998223
14090.0 193.20240096
14091.0 193.201822006
14092.0 193.201260823
14093.0 193.200716891
14094.0 193.200189703
14095.0 193.199678766
14096.0 193.199183601
14097.0 193.198703743
14098.0 193.198238738
14099.0 193.197788148
14100.0 193.197351545
14101.0 193.196928514
14102.0 193.196518651
14103.0 193.196121563
14104.0 193.195736869
14105.0 193.1953642
14106.0 193.195003196
14107.0 193.194653506
14108.0 193.194314791
14109.0 193.193986722
14110.0 193.193668978
14111.0 193.193361248
14112.0 193.193063229
14113.0 193.192774627
14114.0 193.192495158
14115.0 193.192224545
14116.0 193.191962518
14117.0 193.191708817
14118.0 193.191463187
14119.0 193.191225384
14120.0 193.190995166
14121.0 193.190772303
14122.0 193.190556569
14123.0 193.190347745
14124.0 193.190145619
14125.0 193.189949985
14126.0 193.189760643
14127.0 193.189577397
14128.0 193.189400061
14129.0 193.189228451
14130.0 193.18906239
14131.0 193.188901705
14132.0 193.188746229
14133.0 193.1885958
14134.0 193.188450261
14135.0 193.188309458
14136.0 193.188173245
14137.0 193.188041476
14138.0 193.187914014
14139.0 193.187790721
14140.0 193.187671468
14141.0 193.187556128
14142.0 193.187444576
14143.0 193.187336693
14144.0 193.187232363
14145.0 193.187131474
14146.0 193.187033916
14147.0 193.186939583
14148.0 193.186848374
14149.0 193.186760188
14150.0 193.186674929
14151.0 193.186592504
14152.0 193.186512822
14153.0 193.186435795
14154.0 193.186361338
14155.0 193.186289368
14156.0 193.186219805
14157.0 193.186152573
14158.0 193.186087595
14159.0 193.186024799
14160.0 193.185964114
14161.0 193.185905473
14162.0 193.185848808
14163.0 193.185794055
14164.0 193.185741153
14165.0 193.18569004
14166.0 193.18564066
14167.0 193.185592954
14168.0 193.185546869
14169.0 193.185502351
14170.0 193.185459349
14171.0 193.185417813
14172.0 193.185377695
14173.0 193.185338949
14174.0 193.185301528
14175.0 193.18526539
14176.0 193.185230491
14177.0 193.185196791
14178.0 193.185164251
14179.0 193.18513283
14180.0 193.185102494
14181.0 193.185073204
14182.0 193.185044928
14183.0 193.185017629
14184.0 193.184991277
14185.0 193.184965839
14186.0 193.184941284
14187.0 193.184917584
14188.0 193.184894709
14189.0 193.184872632
14190.0 193.184851325
14191.0 193.184830763
14192.0 193.18481092
14193.0 193.184791773
14194.0 193.184773298
14195.0 193.184755471
14196.0 193.184738271
14197.0 193.184721677
14198.0 193.184705668
14199.0 193.184690224
14200.0 193.184675326
14201.0 193.184660955
14202.0 193.184647092
14203.0 193.184633722
14204.0 193.184620826
14205.0 193.184608389
14206.0 193.184596395
14207.0 193.184584828
14208.0 193.184573673
14209.0 193.184562918
14210.0 193.184552546
14211.0 193.184542547
14212.0 193.184532906
14213.0 193.18452361
14214.0 193.184514649
14215.0 193.184506011
14216.0 193.184497683
14217.0 193.184489656
14218.0 193.184481919
14219.0 193.184474461
14220.0 193.184467274
14221.0 193.184460347
14222.0 193.184453671
14223.0 193.184447237
14224.0 193.184441038
14225.0 193.184435064
14226.0 193.184429309
14227.0 193.184423763
14228.0 193.18441842
14229.0 193.184413272
14230.0 193.184408313
14231.0 193.184403535
14232.0 193.184398933
14233.0 193.1843945
14234.0 193.184390231
14235.0 193.184386118
14236.0 193.184382157
14237.0 193.184378343
14238.0 193.184374669
14239.0 193.184371132
14240.0 193.184367725
14241.0 193.184364445
14242.0 193.184361287
14243.0 193.184358246
14244.0 193.184355318
14245.0 193.184352499
14246.0 193.184349786
14247.0 193.184347174
14248.0 193.184344659
14249.0 193.184342239
14250.0 193.184339909
14251.0 193.184337667
14252.0 193.184335509
14253.0 193.184333433
14254.0 193.184331434
14255.0 193.184329511
14256.0 193.18432766
14257.0 193.184325879
14258.0 193.184324166
14259.0 193.184322517
14260.0 193.184320931
14261.0 193.184319405
14262.0 193.184317937
14263.0 193.184316525
14264.0 193.184315167
14265.0 193.184313861
14266.0 193.184312604
14267.0 193.184311395
14268.0 193.184310233
14269.0 193.184309115
14270.0 193.18430804
14271.0 193.184307006
14272.0 193.184306012
14273.0 193.184305056
14274.0 193.184304137
14275.0 193.184303254
14276.0 193.184302404
14277.0 193.184301588
14278.0 193.184300802
14279.0 193.184300048
14280.0 193.184299322
14281.0 193.184298625
14282.0 193.184297955
14283.0 193.184297311
14284.0 193.184296692
14285.0 193.184296097
14286.0 193.184295525
14287.0 193.184294976
14288.0 193.184294448
14289.0 193.18429394
14290.0 193.184293453
14291.0 193.184292985
14292.0 193.184292535
14293.0 193.184292103
14294.0 193.184291688
14295.0 193.184291289
14296.0 193.184290906
14297.0 193.184290538
14298.0 193.184290184
14299.0 193.184289845
14300.0 193.184289519
14301.0 193.184289206
14302.0 193.184288905
14303.0 193.184288617
14304.0 193.18428834
14305.0 193.184288074
14306.0 193.184287818
14307.0 193.184287573
14308.0 193.184287337
14309.0 193.184287111
14310.0 193.184286894
